sampling_rate: 48000
duration: 4
min_sample_size: 192000
fmin: 20
fmax: 24000
n_mels: 128
n_fft: 3840
spec_min_width: 128
hop_length: 1501
train_mean: [-25.22061538696289, 0.0018875527894124389, -0.0009799028048291802]
train_std: [20.691532135009766, 0.8890737295150757, 0.49272292852401733]