sampling_rate: 48000
duration: 4
min_sample_size: 192000
fmin: 20
fmax: 24000
n_mels: 224
n_fft: 6720
spec_min_width: 224
hop_length: 858
train_mean: [-20.143686294555664, 0.0010499106720089912, -0.0003141156630590558]
train_std: [20.38422966003418, 0.7695746421813965, 0.3986469507217407]